21355.07174030908,-2101.446071553162,-10161.097509317868
21356.8868432076,-2101.242323084789,-10157.705446809368
21358.70164199954,-2101.038562962515,-10154.312810858351
21360.516136555867,-2100.8347912006097,-10150.919601576195
21362.330326747466,-2100.631007813344,-10147.525819074232
21364.14421244529,-2100.4272128149887,-10144.131463463922
21365.957793520363,-2100.223406219821,-10140.736534856718
21367.771069843708,-2100.0195880421265,-10137.341033364177
21369.58404128631,-2099.8157582962203,-10133.944959097817
21371.396707719363,-2099.6119169963044,-10130.548312169283
21373.209069013985,-2099.408064156712,-10127.151092690265
21375.02112504129,-2099.204199791727,-10123.753300772418
21376.832875672448,-2099.0003239156385,-10120.354936527528
21378.644320778785,-2098.7964365427392,-10116.956000067408
21380.455460231413,-2098.592537687329,-10113.556491503894
21382.26629390169,-2098.3886273637027,-10110.156410948895
21384.076821660947,-2098.1847055861645,-10106.755758514371
21385.887043380564,-2097.9807723690083,-10103.354534312297
21387.696958931847,-2097.776827726552,-10099.952738454727
21389.506568186192,-2097.572871673132,-10096.550371053716
21391.31587101513,-2097.368904222979,-10093.147432221436
21393.12486729013,-2097.164925390445,-10089.74392207009
21394.93355688266,-2096.960935189845,-10086.339840711848
21396.74193966432,-2096.756933635497,-10082.93518825904
21398.550015506644,-2096.5529207417167,-10079.52996482398
21400.35778428122,-2096.348896522828,-10076.124170519002
21402.165245859764,-2096.1448609931504,-10072.71780545656
21403.97240011394,-2095.940814167011,-10069.310869749128
21405.779246915376,-2095.736756058739,-10065.903363509178
21407.585786135867,-2095.5326866826654,-10062.495286849342
21409.39201764717,-2095.328606053161,-10059.086639882133
21411.197941321112,-2095.1245141844806,-10055.677422720271
21413.003557029537,-2094.9204110909964,-10052.26763547643
21414.808864644245,-2094.7162967870545,-10048.857278263382
21416.613864037245,-2094.512171286992,-10045.446351193896
21418.41855508038,-2094.3080346051515,-10042.034854380814
21420.222937645663,-2094.1038867558877,-10038.62278793706
21422.027011605085,-2093.899727753538,-10035.210151975523
21423.830776830702,-2093.695557612461,-10031.796946609222
21425.634233194527,-2093.491376346999,-10028.383171951147
21427.437380568725,-2093.2871839715244,-10024.96882811444
21429.240218825336,-2093.0829805003755,-10021.55391521215
21431.04274783659,-2092.878765947966,-10018.138433357455
21432.844967474663,-2092.6745403285645,-10014.722382663624
21434.646877611794,-2092.470303656587,-10011.305763243903
21436.44847812024,-2092.2660559463898,-10007.888575211577
21438.24976887232,-2092.061797212347,-10004.470818680007
21440.05074974032,-2091.857527468832,-10001.05249376263
21441.85142059661,-2091.653246730206,-9997.63360057284
21443.65178131356,-2091.448955010854,-9994.214139224194
21445.45183176367,-2091.2446523251515,-9990.794109830216
21447.251571819343,-2091.0403386874727,-9987.373512504468
21449.051001353026,-2090.8360141122484,-9983.952347360611
21450.850120237334,-2090.631678613775,-9980.53061451234
21452.648928344777,-2090.4273322064787,-9977.108314073368
21454.447425547925,-2090.222974904745,-9973.685446157462
21456.24561171949,-2090.018606722973,-9970.262010878494
21458.043486732025,-2089.8142276755457,-9966.83800835028
21459.841050458224,-2089.609837776861,-9963.413438686715
21461.63830277089,-2089.405437041319,-9959.988302001866
21463.435243542663,-2089.201025483313,-9956.562598409657
21465.23187264644,-2088.9966031172494,-9953.13632802416
21467.028189954948,-2088.7921699575286,-9949.709490959489
21468.824195341127,-2088.587726018553,-9946.282087329795
21470.619888677746,-2088.3832713147794,-9942.85411724925
21472.415269837835,-2088.178805860524,-9939.425580832129
21474.210338694324,-2087.9743296702472,-9935.996478192714
21476.00509512017,-2087.769842758363,-9932.566809445329
21477.799538988347,-2087.5653451392845,-9929.13657470436
21479.593670172024,-2087.3608368274304,-9925.705774084236
21481.387488544187,-2087.1563178372226,-9922.27440769944
21483.180993977967,-2086.95178818308,-9918.842475664464
21484.974186346517,-2086.747247879427,-9915.409978093898
21486.76706552305,-2086.5426969406967,-9911.976915102332
21488.55963138072,-2086.338135381354,-9908.543286804455
21490.35188379286,-2086.133563215747,-9905.109093315004
21492.143822632657,-2085.928980458348,-9901.674334748626
21493.93544777357,-2085.7243871235964,-9898.239011220248
21495.726759088782,-2085.519783225927,-9894.803122844583
21497.51775645176,-2085.3151687797804,-9891.366669736624
21499.30843973586,-2085.1105437995902,-9887.929652011258
21501.098808814637,-2084.9059082998115,-9884.492069783506
21502.888863561464,-2084.7012622948805,-9881.053923168352
21504.678603849887,-2084.4966057992515,-9877.615212280887
21506.46802955349,-2084.2919388273663,-9874.17593723626
21508.257140545764,-2084.087261393682,-9870.73609814958
21510.04593670042,-2083.8825735126507,-9867.295695136128
21511.83441789106,-2083.677875198772,-9863.854728311111
21513.6225839914,-2083.4731664664164,-9860.413197789889
21515.410434875062,-2083.268447330086,-9856.971103687752
21517.197970415906,-2083.0637178042443,-9853.52844612017
21518.98519048763,-2082.8589779033514,-9850.085225202498
21520.77209496409,-2082.654227641878,-9846.641441050308
21522.55868371912,-2082.449467034291,-9843.197093779105
21524.34495662657,-2082.244696095058,-9839.752183504464
21526.130913560388,-2082.039914838649,-9836.306710342003
21527.916554394564,-2081.8351232795453,-9832.86067440746
21529.70187900289,-2081.630321432254,-9829.414075816438
21531.48688725961,-2081.425509311181,-9825.966914684792
21533.27157903868,-2081.22068693084,-9822.519191128324
21535.055954214145,-2081.0158543057128,-9819.070905262884
21536.840012660166,-2080.8110114502924,-9815.622057204377
21538.62375425085,-2080.606158379054,-9812.172647068752
21540.40717886042,-2080.401295106491,-9808.722674972
21542.190286363028,-2080.19642164709,-9805.27214103013
21543.973076632978,-2079.991538015347,-9801.821045359293
21545.755549544545,-2079.786644225755,-9798.369388075587
21547.537704972,-2079.581740292804,-9794.917169295166
21549.31954278975,-2079.376826230998,-9791.464389134317
21551.1010628721,-2079.171902054881,-9788.011047709246
21552.882265093514,-2078.966967778862,-9784.557145136308
21554.66314932847,-2078.762023417496,-9781.10268153187
21556.44371545143,-2078.55706898528,-9777.6476570123
21558.22396333685,-2078.352104496724,-9774.192071694077
21560.003892859328,-2078.147129966342,-9770.73592569371
21561.78350389344,-2077.942145408642,-9767.279219127724
21563.56279631381,-2077.73715083814,-9763.821952112708
21565.341769995088,-2077.5321462693464,-9760.364124765309
21567.12042481197,-2077.3271317167773,-9756.905737202174
21568.89876063901,-2077.1221071950054,-9753.446789540048
21570.67677735123,-2076.9170727184587,-9749.987281895754
21572.45447482328,-2076.7120283017034,-9746.527214386051
21574.23185292995,-2076.506973959264,-9743.066587127809
21576.0089115461,-2076.301909705669,-9739.605400237951
21577.78565054669,-2076.096835555448,-9736.143653833422
21579.56206980656,-2075.8917515231265,-9732.681348031228
21581.33816920069,-2075.686657623243,-9729.218482948409
21583.113948604077,-2075.481553870329,-9725.755058702063
21584.889407891704,-2075.2764402789185,-9722.291075409306
21586.66454693866,-2075.071316863554,-9718.82653318731
21588.43936562003,-2074.86618363878,-9715.36143215336
21590.213863810844,-2074.661040619167,-9711.895772424645
21591.988041386423,-2074.455887819187,-9708.429554118566
21593.76189822192,-2074.2507252534247,-9704.962777352455
21595.53543419242,-2074.04555293642,-9701.495442243688
21597.30864917331,-2073.840370882729,-9698.027548909757
21599.081543039825,-2073.635179106908,-9694.559097468133
21600.85411566731,-2073.4299776235016,-9691.090088036386
21602.62636693113,-2073.2247664470683,-9687.620520732078
21604.39829670666,-2073.019545592167,-9684.150395672876
21606.169904869348,-2072.8143150733517,-9680.679712976438
21607.94119129456,-2072.609074905228,-9677.208472760429
21609.71215585791,-2072.403825102272,-9673.736675142733
21611.48279843492,-2072.1985656790976,-9670.264320241153
21613.253118901084,-2071.9932966502583,-9666.791408173433
21615.02311713203,-2071.7880180303323,-9663.317939057612
21616.7927930034,-2071.582729833884,-9659.843913011542
21618.56214639083,-2071.3774320754865,-9656.369330153271
21620.331177169992,-2071.172124769711,-9652.894190600822
21622.099885216758,-2070.96680793114,-9649.418494472306
21623.868270406678,-2070.761481574339,-9645.9422418858
21625.636332615788,-2070.556145713903,-9642.46543295957
21627.40407171971,-2070.350800364392,-9638.988067811712
21629.171487594387,-2070.1454455404496,-9635.510146560602
21630.938580115777,-2069.940081256563,-9632.031669324486
21632.705349159794,-2069.7347075273656,-9628.55263622178
21634.47179460233,-2069.529324367441,-9625.07304737081
21636.237916319475,-2069.3239317913794,-9621.59290289005
21638.00371418725,-2069.118529813777,-9618.112202898024
21639.769188081707,-2068.913118449228,-9614.630947513244
21641.534337879,-2068.70769771232,-9611.149136854288
21643.29916345518,-2068.502267617651,-9607.666771039769
21645.0636646865,-2068.2968281798207,-9604.18385018838
21646.82784144916,-2068.0913794134785,-9600.70037441882
21648.591693619324,-2067.885921333128,-9597.21634384985
21650.35522107339,-2067.680453953425,-9593.731758600286
21652.118423687632,-2067.4749772889745,-9590.246618789004
21653.881301338333,-2067.2694913543746,-9586.760924534825
21655.643853901915,-2067.063996164244,-9583.274675956736
21657.40608125481,-2066.858491733191,-9579.78787317372
21659.167983273463,-2066.652978075821,-9576.300516304798
21660.92955983433,-2066.4474552067545,-9572.812605469026
21662.690810813976,-2066.2419231406125,-9569.324140785566
21664.451736088835,-2066.036381892001,-9565.835122373532
21666.21233553569,-2065.8308314755445,-9562.345550352156
21667.972609030938,-2065.625271905906,-9558.855424840662
21669.73255645146,-2065.419703197625,-9555.36474595843
21671.49217767376,-2065.214125365362,-9551.873513824712
21673.251472574644,-2065.0085384237527,-9548.381728558905
21675.01044103085,-2064.802942387416,-9544.88939028046
21676.76908291921,-2064.597337270986,-9541.39649910888
21678.527398116472,-2064.3917230890893,-9537.90305516363
21680.28538649957,-2064.1860998563634,-9534.409058564308
21682.04304794536,-2063.980467587437,-9530.914509430491
21683.800382330817,-2063.774826296956,-9527.419407881862
21685.557389532827,-2063.569175999548,-9523.923754038113
21687.314069428438,-2063.3635167099,-9520.427548018984
21689.07042189472,-2063.1578484425672,-9516.930789944248
21690.82644680868,-2062.952171212233,-9513.43347993374
21692.58214404745,-2062.746485033545,-9509.935618107358
21694.337513488168,-2062.540789921146,-9506.437204585003
21696.09255500795,-2062.3350858896847,-9502.938239486612
21697.8472684841,-2062.1293729538133,-9499.438722932256
21699.60165379377,-2061.923651128178,-9495.938655041924
21701.355710814296,-2061.717920427432,-9492.43803593576
21703.109439422933,-2061.512180866232,-9488.93686573387
21704.86283949708,-2061.3064324592315,-9485.43514455646
21706.61591091404,-2061.1006752211338,-9481.93287252374
21708.368653551297,-2060.89490916651,-9478.430049756022
21710.12106728633,-2060.6891343100683,-9474.926676373598
21711.873151996515,-2060.483350666464,-9471.42275249682
21713.624907559453,-2060.277558250362,-9467.91827824611
21715.37633385265,-2060.0717570764355,-9464.41325374192
21717.1274307537,-2059.865947159339,-9460.907679104725
21718.878198140275,-2059.660128513753,-9457.40155445511
21720.628635889927,-2059.4543011543424,-9453.894879913632
21722.378743880447,-2059.2484650957754,-9450.387655600887
21724.12852198954,-2059.0426203527304,-9446.879881637577
21725.87797009492,-2058.8367669399317,-9443.371558144418
21727.62708807441,-2058.63090487196,-9439.862685242171
21729.37587580585,-2058.42503416354,-9436.353263051642
21731.12433316708,-2058.219154829345,-9432.843291693642
21732.87246003603,-2058.0132668840683,-9429.332771289108
21734.6202562906,-2057.8073703423897,-9425.821701958985
21736.36772180879,-2057.601465218984,-9422.310083824184
21738.11485646859,-2057.3955515285493,-9418.79791700579
21739.861660148046,-2057.189629285769,-9415.285201624862
21741.608132725178,-2056.983698505331,-9411.771937802492
21743.3542740782,-2056.777759201925,-9408.25812565986
21745.100084085137,-2056.5718113902853,-9404.7437653181
21746.845562624232,-2056.365855085025,-9401.228856898566
21748.590709573746,-2056.1598903008808,-9397.713400522469
21750.335524811817,-2055.9539170525445,-9394.197396311143
21752.08000821677,-2055.747935354722,-9390.680844385975
21753.82415966696,-2055.541945222107,-9387.16374486839
21755.567979040723,-2055.335946669405,-9383.64609787987
21757.311466216408,-2055.1299397113185,-9380.127903541876
21759.05462107253,-2054.9239243625493,-9376.609161975988
21760.79744348738,-2054.717900637804,-9373.089873303765
21762.53993333961,-2054.511868551792,-9369.570037646878
21764.28209050765,-2054.305828119265,-9366.049655127006
21766.02391487013,-2054.099779354848,-9362.528725865865
21767.76540630561,-2053.8937222732907,-9359.00724998524
21769.50656469277,-2053.6876568893103,-9355.485227606909
21771.247389910208,-2053.481583217625,-9351.962658852775
21772.987881836616,-2053.2755012729463,-9348.43954384469
21774.72804035082,-2053.069411069992,-9344.91588270462
21776.46786533153,-2052.863312623487,-9341.391675554552
21778.20735665757,-2052.657205948145,-9337.866922516538
21779.946514207782,-2052.451091058692,-9334.341623712588
21781.685337861007,-2052.2449679698525,-9330.815779264873
21783.4238274962,-2052.038836696394,-9327.289389295534
21785.161982992307,-2051.832697252953,-9323.762453926794
21786.899804228324,-2051.626549654308,-9320.23497328089
21788.637291083254,-2051.420393915185,-9316.706947480125
21790.37444343611,-2051.2142300503124,-9313.17837664681
21792.111261166054,-2051.008058074427,-9309.649260903336
21793.84774415217,-2050.8018780022608,-9306.119600372123
21795.58389227359,-2050.595689848546,-9302.589395175622
21797.319705409605,-2050.3894936280267,-9299.058645436378
21799.055183439305,-2050.183289355435,-9295.527351276916
21800.790326242077,-2049.9770770455098,-9291.995512819836
21802.525133697138,-2049.770856713041,-9288.463130187776
21804.25960568386,-2049.564628372682,-9284.930203503423
21805.993742081613,-2049.3583920392166,-9281.39673288951
21807.72754276983,-2049.152147727394,-9277.86271846877
21809.4610076279,-2048.9458954519555,-9274.328160364066
21811.19413653536,-2048.7396352276583,-9270.793058698224
21812.92692937161,-2048.533367069244,-9267.257413594123
21814.65938601633,-2048.327090991469,-9263.721225174751
21816.39150634901,-2048.120807009079,-9260.184493563063
21818.12329024933,-2047.914515136832,-9256.647218882095
21819.85473759692,-2047.7082153894837,-9253.109401254917
21821.585848271403,-2047.5019077818283,-9249.571040804634
21823.31662215263,-2047.295592328544,-9246.032137654423
21825.047059120272,-2047.089269044432,-9242.492691927471
21826.77715905412,-2046.882937944246,-9238.952703747038
21828.50692183409,-2046.6765990427527,-9235.412173236393
21830.23634733992,-2046.470252354715,-9231.871100518852
21831.96543545163,-2046.2638978949003,-9228.329485717844
21833.69418604905,-2046.057535678072,-9224.78732895671
21835.4225990123,-2045.851165718995,-9221.244630358971
21837.15067422119,-2045.64478803244,-9217.7013900481
21838.878411555936,-2045.438402633177,-9214.15760814765
21840.605810896493,-2045.2320095360196,-9210.613284781186
21842.33287212308,-2045.0256087556536,-9207.068420072368
21844.059595115792,-2044.819200306899,-9203.523014144874
21845.78597975481,-2044.6127842045291,-9199.977067122423
21847.51202592033,-2044.4063604633184,-9196.43057912874
21849.23773349269,-2044.1999290980496,-9192.883550287655
21850.96310235211,-2043.993490123496,-9189.335980722995
21852.688132378946,-2043.787043554443,-9185.78787055868
21854.41282345358,-2043.580589405672,-9182.239219918622
21856.137175456355,-2043.3741276919636,-9178.690028926783
21857.86118826776,-2043.1676584281,-9175.140297707192
21859.5848617682,-2042.9611816289173,-9171.590026383905
21861.308195838265,-2042.7546973091091,-9168.039215081037
21863.03119035844,-2042.5482054835124,-9164.487863922712
21864.753845209296,-2042.341706166912,-9160.935973033147
21866.476160271483,-2042.1351993741036,-9157.383542536543
21868.19813542562,-2041.9286851198733,-9153.83057255719
21869.91977055245,-2041.7221634190196,-9150.277063219395
21871.64106553261,-2041.515634286336,-9146.723014647543
21873.36202024689,-2041.309097736617,-9143.168426965998
21875.082634576087,-2041.1025537846608,-9139.613300299205
21876.802908401,-2040.896002445263,-9136.057634771669
21878.522841602506,-2040.6894437332696,-9132.501430507917
21880.242434061573,-2040.4828776633976,-9128.944687632538
21881.96168565903,-2040.276304250488,-9125.387406270122
21883.680596275884,-2040.069723509345,-9121.829586545316
21885.39916579317,-2039.8631354547747,-9118.271228582846
21887.11739409192,-2039.656540101582,-9114.712332507455
21888.835281053187,-2039.4499374645768,-9111.152898443912
21890.55282655809,-2039.2433275585613,-9107.59292651702
21892.270030487794,-2039.03671039835,-9104.0324168517
21893.98689272344,-2038.830085998749,-9100.47136957283
21895.703413146293,-2038.6234543745788,-9096.909784805384
21897.41959163763,-2038.4168155406885,-9093.347662674329
21899.135428078705,-2038.210169511808,-9089.785003304734
21900.85092235085,-2038.003516302798,-9086.221806821675
21902.5660743354,-2037.79685592847,-9082.658073350258
21904.280883913867,-2037.590188403652,-9079.093803015685
21905.99535096756,-2037.383513743151,-9075.528995943108
21907.709475378,-2037.1768319617984,-9071.96365225782
21909.4232570267,-2036.970143074406,-9068.397772085103
21911.13669579524,-2036.7634470958087,-9064.831355550312
21912.84979156513,-2036.5567440408176,-9061.264402778794
21914.562544218043,-2036.350033924269,-9057.69691389598
21916.274953635577,-2036.1433167610207,-9054.128889027315
21917.987019699456,-2035.9365925658255,-9050.560328298352
21919.698742291384,-2035.7298613535509,-9046.9912318346
21921.4101212932,-2035.523123139024,-9043.42159976164
21923.121156586592,-2035.316377937079,-9039.851432205138
21924.83184805345,-2035.1096257625447,-9036.280729290726
21926.542195575585,-2034.902866630256,-9032.709491144136
21928.252199035,-2034.6961005550504,-9029.137717891144
21929.961858313563,-2034.4893275517636,-9025.565409657524
21931.671173293293,-2034.2825476352248,-9021.992566569115
21933.380143856142,-2034.0757608202807,-9018.419188751835
21935.088769884205,-2033.868967121805,-9014.84527633155
21936.797051259586,-2033.6621665545604,-9011.270829434276
21938.50498786439,-2033.4553591334268,-9007.695848186027
21940.21257958073,-2033.248544873248,-9004.120332712822
21941.919826290858,-2033.041723788865,-9000.544283140776
21943.626727876985,-2032.834895895123,-8996.967699596007
21945.333284221364,-2032.628061206872,-8993.390582204713
21947.039495206314,-2032.4212197389547,-8989.812931093104
21948.745360714165,-2032.2143715062168,-8986.23474638742
21950.450880627308,-2032.0075165235144,-8982.656028213993
21952.15605482813,-2031.800654805694,-8979.076776699167
21953.860883199068,-2031.5937863676472,-8975.496991969287
21955.565365622657,-2031.3869112241448,-8971.91667415084
21957.269501981373,-2031.1800293900808,-8968.335823370253
21958.973292157807,-2030.9731408803104,-8964.754439754066
21960.676736034493,-2030.7662457096856,-8961.172523428791
21962.379833494128,-2030.559343893069,-8957.590074521058
21964.08258441936,-2030.3524354453189,-8954.007093157552
21965.78498869286,-2030.1455203812884,-8950.42357946484
21967.48704619741,-2029.9385987158391,-8946.839533569737
21969.188756815707,-2029.7316704638336,-8943.254955598957
21970.89012043067,-2029.524735640136,-8939.669845679295
21972.591136925024,-2029.317794259647,-8936.084203937655
21974.29180618176,-2029.1108463371477,-8932.498030500858
21975.99212808377,-2028.903891887545,-8928.911325495867
21977.692102513975,-2028.6969309257088,-8925.324089049665
21979.39172935542,-2028.4899634665007,-8921.73632128923
21981.09100849106,-2028.2829895247933,-8918.148022341646
21982.789939804046,-2028.076009115455,-8914.559192333973
21984.48852317744,-2027.8690222533528,-8910.969831393371
21986.186758494357,-2027.662028953364,-8907.379939647033
21987.884645638005,-2027.4550292303547,-8903.789517222156
21989.582184491574,-2027.248023099203,-8900.198564245993
21991.279374938316,-2027.0410105748251,-8896.607080845863
21992.97621686152,-2026.8339916720108,-8893.015067149105
21994.672710144565,-2026.6269664056765,-8889.422523283112
21996.36885467069,-2026.4199347907015,-8885.829449375306
21998.064650323373,-2026.212896841966,-8882.235845553156
21999.760096986047,-2026.0058525743516,-8878.64171194417
22001.455194542155,-2025.7988020027296,-8875.047048675908
22003.14994287521,-2025.5917451419875,-8871.45185587592
22004.84434186874,-2025.38468200701,-8867.856133671914
22006.53839140629,-2025.1776126126783,-8864.259882191518
22008.23209137156,-2024.970536973873,-8860.663101562433
22009.925441648134,-2024.7634551055296,-8857.065791912446
22011.618442119696,-2024.5563670224408,-8853.46795336934
22013.311092670057,-2024.349272739545,-8849.869586060977
22015.00339318285,-2024.14217227172,-8846.270690115214
22016.69534354197,-2023.9350656338668,-8842.67126565999
22018.38694363117,-2023.7279528408656,-8839.071312823236
22020.07819333445,-2023.520833907614,-8835.470831733015
22021.769092535586,-2023.3137088490032,-8831.869822517348
22023.45964111857,-2023.1065776799217,-8828.26828530429
22025.149838967376,-2022.8994404152688,-8824.666220222001
22026.83968596605,-2022.692297069937,-8821.063627398637
22028.52918199855,-2022.4851476588644,-8817.460506962403
22030.21832694908,-2022.277992196863,-8813.85685904157
22031.90712070173,-2022.0708306988736,-8810.252683764433
22033.59556314069,-2021.8636631797945,-8806.647981259306
22035.283654150124,-2021.6564896545256,-8803.042751654588
22036.97139361429,-2021.4493101379653,-8799.436995078657
22038.65878141742,-2021.2421246450208,-8795.830711659994
22040.34581744391,-2021.0349331905868,-8792.223901527093
22042.032501578,-2020.8277357895709,-8788.616564808488
22043.71883370414,-2020.6205324568757,-8785.00870163277
22045.40481370676,-2020.4133232074064,-8781.400312128551
22047.09044147029,-2020.206108056115,-8777.79139642447
22048.775716879245,-2019.99888701782,-8774.181954649284
22050.46063981816,-2019.7916601074703,-8770.571986931687
22052.14521017159,-2019.5844273399744,-8766.961493400473
22053.829427824152,-2019.3771887302448,-8763.35047418449
22055.513292660507,-2019.1699442931945,-8759.738929412597
22057.19680456532,-2018.9626940437245,-8756.126859213671
22058.879963423253,-2018.755437996754,-8752.514263716668
22060.56276911916,-2018.5481761671972,-8748.901143050576
22062.24522153776,-2018.3409085699648,-8745.287497344447
22063.927320563893,-2018.1336352199708,-8741.67332672732
22065.609066082456,-2017.92635613218,-8738.058631328318
22067.29045797832,-2017.7190713214147,-8734.443411276603
22068.9714961364,-2017.5117808026384,-8730.827666701322
22070.65218044177,-2017.3044845907705,-8727.211397731782
22072.332510779383,-2017.0971827007277,-8723.594604497195
22074.01248703427,-2016.8898751474323,-8719.977287126889
22075.692109091546,-2016.6825619458052,-8716.359445750244
22077.37137683632,-2016.4752431107647,-8712.741080496588
22079.050290153744,-2016.267918657233,-8709.122191495404
22080.728848929062,-2016.060588600136,-8705.502778876189
22082.40705304749,-2015.8532529543995,-8701.882842768398
22084.08490239423,-2015.6459117349848,-8698.262383301624
22085.762396854705,-2015.4385649567384,-8694.641400605477
22087.439536314152,-2015.2312126346208,-8691.019894809526
22089.116320658133,-2015.023854783572,-8687.397866043555
22090.792749771856,-2014.8164914185056,-8683.775314437193
22092.46882354093,-2014.6091225543637,-8680.152240120255
22094.14454185076,-2014.401748206068,-8676.528643222477
22095.819904586948,-2014.1943683885504,-8672.904523873764
22097.494911635025,-2013.9869831167416,-8669.279882203942
22099.1695628806,-2013.7795924055752,-8665.654718342983
22100.843858209315,-2013.5721962699845,-8662.029032420805
22102.517797506844,-2013.3647947249408,-8658.402824567409
22104.19138065893,-2013.1573877853016,-8654.77609491286
22105.864607551342,-2012.9499754660364,-8651.148843587242
22107.537478069884,-2012.742557782086,-8647.521070720659
22109.20999210028,-2012.5351347483847,-8643.892776443254
22110.88214952852,-2012.327706379872,-8640.26396088526
22112.553950240483,-2012.120272691482,-8636.63462417693
22114.225394122062,-2011.9128336981605,-8633.0047664485
22115.896481059288,-2011.7053894148412,-8629.374387830348
22117.567210938123,-2011.497939856467,-8625.743488452765
22119.23758364469,-2011.2904850379796,-8622.112068446238
22120.907599065,-2011.0830249743624,-8618.480127941144
22122.57725708529,-2010.8755596804704,-8614.847667067977
22124.246557591658,-2010.668089171296,-8611.214685957282
22125.91550047033,-2010.460613461777,-8607.581184739627
22127.5840856075,-2010.2531325668615,-8603.947163545572
22129.252312889523,-2010.0456465014936,-8600.312622505806
22130.920182202663,-2009.838155280624,-8596.677561751008
22132.587693433285,-2009.6306589191945,-8593.041981411867
22134.25484646781,-2009.4231574321536,-8589.40588161916
22135.921641192603,-2009.215650834452,-8585.7692625037
22137.58807749413,-2009.0081391410365,-8582.13212419632
22139.25415525895,-2008.8006223669015,-8578.494466827877
22140.919874373616,-2008.5931005269128,-8574.856290529364
22142.585234724665,-2008.38557363606,-8571.217595431708
22144.25023619873,-2008.1780417093012,-8567.578381665891
22145.91487868245,-2007.9705047615848,-8563.93864936297
22147.57916206255,-2007.762962807865,-8560.29839865403
22149.243086225717,-2007.5554158630991,-8556.657629670195
22150.90665105876,-2007.34786394224,-8553.016342542624
22152.5698564484,-2007.1403070602369,-8549.374537402495
22154.232702281577,-2006.9327452320565,-8545.732214381107
22155.895188445123,-2006.725178472646,-8542.08937360969
22157.55731482596,-2006.5176067969671,-8538.446015219568
22159.219081310974,-2006.310030220024,-8534.802139342108
22160.88048778731,-2006.1024487566865,-8531.157746108735
22162.54153414187,-2005.894862421953,-8527.512835650849
22164.202220261788,-2005.6872712307904,-8523.867408099988
22165.86254603411,-2005.479675198153,-8520.221463587577
22167.522511346026,-2005.272074339009,-8516.575002245267
22169.182116084685,-2005.0644686683147,-8512.928024204608
22170.841360137376,-2004.8568582010355,-8509.280529597256
22172.50024339124,-2004.649242952135,-8505.63251855488
22174.158765733664,-2004.4416229365768,-8501.9839912092
22175.816927051907,-2004.2339981693672,-8498.334947691943
22177.474727233384,-2004.026368665387,-8494.685388134978
22179.13216616552,-2003.818734439641,-8491.035312670072
22180.78924373568,-2003.6110955071013,-8487.384721429124
22182.44595983143,-2003.403451882732,-8483.733614544042
22184.102314340234,-2003.1958035815023,-8480.081992146814
22185.758307149677,-2002.988150618376,-8476.42985436937
22187.413938147376,-2002.780493008328,-8472.777201343813
22189.069207220848,-2002.5728307663223,-8469.124033202148
22190.72411425793,-2002.3651639073355,-8465.470350076539
22192.378659146227,-2002.1574924463305,-8461.816152099102
22194.032841773464,-2001.9498163982828,-8458.161439402045
22195.686662027485,-2001.7421357782096,-8454.506212117602
22197.340119796103,-2001.534450600992,-8450.850470378018
22198.99321496716,-2001.3267608816495,-8447.194214315638
22200.645947428613,-2001.1190666351563,-8443.537444062767
22202.298317068293,-2000.9113678764827,-8439.88015975182
22203.950323774203,-2000.7036646206047,-8436.222361515222
22205.60196743439,-2000.495956882501,-8432.564049485442
22207.2532479369,-2000.2882446771432,-8428.905223794956
22208.90416516981,-2000.0805280195125,-8425.245884576329
22210.55471902124,-1999.8728069245808,-8421.586031962142
22212.204909379358,-1999.665081407329,-8417.92566608501
22213.85473613231,-1999.4573514827773,-8414.264787077605
22215.50419916844,-1999.2496171658177,-8410.603395072621
22217.15329837591,-1999.041878471472,-8406.94149020277
22218.802033643136,-1998.8341354147224,-8403.279072600888
22220.45040485845,-1998.6263880105485,-8399.61614239977
22222.0984119102,-1998.418636273925,-8395.952699732223
22223.74605468681,-1998.210880219844,-8392.288744731213
22225.39333307682,-1998.0031198632776,-8388.624277529638
22227.0402469686,-1997.795355219214,-8384.959298260446
22228.686796250862,-1997.5875863026345,-8381.29380705672
22230.332980812065,-1997.3798131285223,-8377.627804051455
22231.978800540863,-1997.172035711863,-8373.961289377765
22233.624255325914,-1996.964254067683,-8370.294263168762
22235.269345055887,-1996.756468210878,-8366.626725557611
22236.914069619528,-1996.5486781564805,-8362.958676677534
22238.558428905653,-1996.340883919476,-8359.290116661801
22240.20242280305,-1996.1330855148503,-8355.621045643664
22241.846051200504,-1995.925282957589,-8351.951463756404
22243.489313986986,-1995.7174762626817,-8348.28137113345
22245.132211051336,-1995.5096654451163,-8344.610767908194
22246.7747422826,-1995.30185051988,-8340.939654214055
22248.41690756973,-1995.0940315019625,-8337.268030184528
22250.058706801727,-1994.886208406396,-8333.595895953109
22251.700139867746,-1994.6783812480835,-8329.923251653372
22253.341206656867,-1994.4705500420605,-8326.250097418895
22254.981907058216,-1994.262714803314,-8322.576433383345
22256.62224096104,-1994.0548755468408,-8318.902259680357
22258.2622082545,-1993.8470322876276,-8315.22757644365
22259.9018088279,-1993.6391850406671,-8311.552383806995
22261.54104257055,-1993.4313338209563,-8307.876681904141
22263.179909371825,-1993.223478643485,-8304.20047086896
22264.818409121017,-1993.0156195232464,-8300.523750835271
22266.456541707605,-1992.807756475235,-8296.846521937023
22268.09430702105,-1992.599889514448,-8293.168784308114
22269.731704950776,-1992.392018655917,-8289.490538082531
22271.368735386422,-1992.184143914555,-8285.81178339432
22273.00539821752,-1991.976265305404,-8282.132520377529
22274.64169333368,-1991.768382843456,-8278.452749166257
22276.277620624533,-1991.560496543708,-8274.772469894617
22277.91317997978,-1991.3526064211535,-8271.09168269681
22279.54837128916,-1991.1447124908009,-8267.410387707017
22281.18319444241,-1990.9368147676369,-8263.72858505953
22282.81764932933,-1990.7289132666651,-8260.046274888566
22284.451735839844,-1990.5210080028835,-8256.363457328547
22286.085453863667,-1990.313098991332,-8252.68013251372
22287.718803290896,-1990.105186246928,-8248.996300578594
22289.351784011385,-1989.897269784712,-8245.31196165759
22290.98439591514,-1989.6893496196813,-8241.627115885134
22292.616638892207,-1989.481425766843,-8237.94176339579
22294.24851283268,-1989.2734982411948,-8234.255904324104
22295.880017626638,-1989.0655670577355,-8230.569538804652
22297.511153164192,-1988.8576322314705,-8226.8826669721
22299.141919335616,-1988.649693777401,-8223.195288961077
22300.77231603112,-1988.4417517105296,-8219.50740490634
22302.402343140864,-1988.2338060458596,-8215.81901494258
22304.032000555293,-1988.025856798393,-8212.13011920465
22305.661288164665,-1987.8179039831805,-8208.440717827314
22307.290205859365,-1987.6099476151348,-8204.750810945463
22308.918753529822,-1987.4019877093049,-8201.060398693991
22310.54693106651,-1987.1940242806984,-8197.369481207834
22312.17473835989,-1986.986057344315,-8193.678058621974
22313.802175300545,-1986.778086915165,-8189.98613107141
22315.42924177896,-1986.5701130082557,-8186.293698691198
22317.055937685825,-1986.3621356385847,-8182.60076161643
22318.682262911792,-1986.154154821168,-8178.907319982241
22320.308217347487,-1985.9461705710053,-8175.21337392378
22321.93380088368,-1985.7381829031533,-8171.518923576268
22323.559013411086,-1985.530191832526,-8167.823969074926
22325.183854820625,-1985.3221973741784,-8164.12851055505
22326.80832500303,-1985.1141995431208,-8160.432548151967
22328.4324238492,-1984.9061983543568,-8156.736082001004
22330.056151250097,-1984.6981938228976,-8153.03911223759
22331.679507096647,-1984.4901859637564,-8149.34163899713
22333.302491279854,-1984.282174791932,-8145.643662415079
22334.925103690708,-1984.074160322446,-8141.9451826269715
22336.547344220373,-1983.8661425702996,-8138.24619976834
22338.169212759956,-1983.6581215505064,-8134.546713974779
22339.79070920049,-1983.4500972780763,-8130.846725381867
22341.41183343324,-1983.2420697680664,-8127.146234125293
22343.032585349465,-1983.0340390353997,-8123.445240340777
22344.65296484045,-1982.8260050951285,-8119.743744164027
22346.2729717974,-1982.6179679622649,-8116.041745730797
22347.892606111756,-1982.409927651824,-8112.339245176891
22349.51186767485,-1982.2018841788172,-8108.636242638204
22351.130756378123,-1981.9938375582535,-8104.932738250579
22352.749272113047,-1981.7857878051495,-8101.228732149929
22354.36741477109,-1981.577734934519,-8097.52422447225
22355.985184243826,-1981.3696789613743,-8093.819215353523
22357.60258042281,-1981.161619900726,-8090.113704929763
22359.219603199657,-1980.9535577676345,-8086.407693337041
22360.83625246602,-1980.745492577027,-8082.701180711504
22362.452528113623,-1980.53742434396,-8078.994167189254
22364.06843003425,-1980.32935308345,-8075.286652906519
22365.68395811952,-1980.1212788105104,-8071.578637999478
22367.299112261346,-1979.9132015401556,-8067.870122604394
22368.91389235161,-1979.7051212874048,-8064.161106857614
22370.528298282126,-1979.4970380672687,-8060.451590895415
22372.14232994485,-1979.2889518947657,-8056.741574854172
22373.755987231765,-1979.0808627849133,-8053.031058870314
22375.36927003483,-1978.8727707527212,-8049.320043080287
22376.982178246093,-1978.6646758132613,-8045.608527620558
22378.59471175772,-1978.456577981452,-8041.896512627653
22380.20687046174,-1978.2484772723583,-8038.183998238137
22381.818654250383,-1978.040373700998,-8034.4709845886
22383.43006301585,-1977.832267282388,-8030.757471815692
22385.04109665028,-1977.6241580315475,-8027.043460056036
22386.65175504608,-1977.416045963488,-8023.32894944638
22388.26203809545,-1977.2079310932331,-8019.613940123435
22389.871945690888,-1976.9998134357995,-8015.898432224019
22391.481477724672,-1976.791693006205,-8012.182425884925
22393.09063408928,-1976.5835698194708,-8008.465921243027
22394.69941467712,-1976.3754438906572,-8004.748918435178
22396.307819380785,-1976.167315234694,-8001.031417598331
22397.915848092856,-1975.9591838666477,-7997.313418869481
22399.52350070581,-1975.751049801534,-7993.594922385577
22401.130777112383,-1975.542913054376,-7989.875928283715
22402.737677205205,-1975.3347736401936,-7986.156436700947
22404.344200876974,-1975.126631574,-7982.436447774369
22405.950348020466,-1974.9184868708237,-7978.715961641176
22407.5561185284,-1974.7103395456784,-7974.994978438503
22409.16151229365,-1974.502189613588,-7971.273498303612
22410.76652920909,-1974.294037089572,-7967.551521373759
22412.37116916759,-1974.0858819886928,-7963.829047786227
22413.97543206213,-1973.8777243258876,-7960.10607767837
22415.579317785672,-1973.6695641162169,-7956.382611187561
22417.18282623125,-1973.461401374704,-7952.658648451222
22418.785957291904,-1973.253236116371,-7948.9341896067535
22420.38871086073,-1973.0450683562356,-7945.209234791691
22421.991086830905,-1972.836898109324,-7941.483784143537
22423.593085095585,-1972.6287253906544,-7937.757837799843
22425.194705547998,-1972.4205502152504,-7934.031395898194
22426.79594808141,-1972.2123725981332,-7930.304458576264
22428.396812589035,-1972.0041925543248,-7926.577025971667
22429.997298964263,-1971.7960100988864,-7922.849098222131
22431.59740710049,-1971.58782524676,-7919.120675465396
22433.19713689112,-1971.379638013008,-7915.391757839243
22434.796488229604,-1971.1714484126544,-7911.662345481499
22436.395461009422,-1970.9632564607195,-7907.932438529984
22437.994055124156,-1970.755062172227,-7904.202037122603
22439.592270467285,-1970.5468655622012,-7900.471141397294
22441.190106932463,-1970.3386666456604,-7896.739751491989
22442.78756441337,-1970.130465437632,-7893.007867544706
22444.38464280368,-1969.9222619531392,-7889.275489693473
22445.98134199705,-1969.7140562072,-7885.542618076353
22447.577661887342,-1969.5058482148856,-7881.809252831467
22449.17360236833,-1969.297637991131,-7878.075394096955
22450.76916333384,-1969.0894255510025,-7874.34104201099
22452.36434467784,-1968.8812109095247,-7870.606196711822
22453.95914629413,-1968.6729940817183,-7866.870858337646
22455.553568076724,-1968.4647750826095,-7863.135027026797
22457.147609919703,-1968.2565539272225,-7859.398702917601
22458.74127171696,-1968.048330630576,-7855.66188614837
22460.33455336273,-1967.8401052076997,-7851.92457685757
22461.927454751032,-1967.6318776736143,-7848.186775183591
22463.51997577609,-1967.4236480433435,-7844.448481264927
22465.112116332068,-1967.2154163319567,-7840.70969524008
22466.70387631318,-1967.0071825543864,-7836.970417247582
22468.295255613757,-1966.798946725706,-7833.230647426023
22469.886254128123,-1966.5907088609345,-7829.490385914037
22471.47687175061,-1966.3824689750988,-7825.749632850246
22473.067108375635,-1966.1742270832208,-7822.008388373364
22474.656963897625,-1965.9659832003267,-7818.266652622104
22476.246438211027,-1965.757737341435,-7814.52442573522
22477.8355312104,-1965.5494895215795,-7810.781707851525
22479.42424279027,-1965.3412397557768,-7807.038499109846
22481.012572845324,-1965.1329880590563,-7803.294799649067
22482.60052127005,-1964.92473444648,-7799.550609608077
22484.188087959225,-1964.716478932987,-7795.805929125817
22485.775272807507,-1964.5082215336472,-7792.0607583412675
22487.36207570973,-1964.299962263486,-7788.315097393478
22488.948496560643,-1964.0917011375204,-7784.568946421452
22490.534535255047,-1963.883438170781,-7780.82230556429
22492.12019168782,-1963.675173378288,-7777.075174961119
22493.705465753967,-1963.46690677507,-7773.327554751106
22495.29035734833,-1963.258638376148,-7769.579445073435
22496.87486636596,-1963.0503681965472,-7765.830846067341
22498.45899270185,-1962.8420962512896,-7762.081757872091
22500.042736251107,-1962.633822555446,-7758.33218062695
22501.62609690881,-1962.4255471239533,-7754.5821144713245
22503.209074570164,-1962.217269971877,-7750.831559544551
22504.791669130333,-1962.0089911142431,-7747.080515986059
22506.37388048449,-1961.8007105660704,-7743.328983935256
22507.955708527985,-1961.59242834239,-7739.576963531661
22509.53715315609,-1961.3841444582208,-7735.824454914776
22511.118214264137,-1961.1758589285896,-7732.071458224162
22512.698891747583,-1960.9675717685184,-7728.317973599399
22514.279185501797,-1960.759282993034,-7724.564001180119
22515.859095422267,-1960.5509926171576,-7720.809541105988
22517.43862140445,-1960.342700655953,-7717.054593516672
22519.017763343974,-1960.134407124363,-7713.299158551925
22520.59652113645,-1959.9261120374515,-7709.543236351546
22522.17489467741,-1959.7178154102448,-7705.786827055301
22523.75288386254,-1959.50951725776,-7702.029930803014
22525.33048858765,-1959.3012175950291,-7698.272547734629
22526.907708748306,-1959.0929164370675,-7694.514677989975
22528.48454424044,-1958.8846137989003,-7690.756321709033
22530.06099495984,-1958.6763096955544,-7686.997479031798
22531.63706080238,-1958.468004142053,-7683.238150098276
22533.21274166396,-1958.2596971534128,-7679.47833504851
22534.78803744047,-1958.051388744704,-7675.718034022599
22536.362948027985,-1957.8430789308652,-7671.957247160673
22537.93747332248,-1957.6347677269569,-7668.195974602879
22539.51161322004,-1957.4264551480048,-7664.434216489412
22541.085367616783,-1957.2181412090304,-7660.671972960493
22542.65873640884,-1957.0098259250597,-7656.909244156446
22544.2317194924,-1956.801509311109,-7653.146030217492
22545.804316763668,-1956.5931913822049,-7649.382331284017
22547.376528118944,-1956.3848721533664,-7645.618147496365
22548.94835345449,-1956.176551639619,-7641.853478994972
22550.51979266671,-1955.9682298559817,-7638.088325920265
22552.090845651863,-1955.7599068175184,-7634.322688412691
22553.661512306586,-1955.5515825391692,-7630.556566612827
22555.23179252721,-1955.3432570359955,-7626.789960661187
22556.80168621022,-1955.134930323016,-7623.022870698345
22558.3711932522,-1954.9266024152564,-7619.255296864938
22559.940313549778,-1954.718273327736,-7615.487239301611
22561.50904699952,-1954.5099430754765,-7611.718698149062
22563.07739349811,-1954.301611673494,-7607.949673547996
22564.64535294224,-1954.0932791368184,-7604.180165639221
22566.21292522869,-1953.8849454804615,-7600.410174563482
22567.780110254196,-1953.6766107194471,-7596.639700461607
22569.346907915588,-1953.4682748688367,-7592.868743474473
22570.9133181098,-1953.2599379435676,-7589.097303743002
22572.47934073372,-1953.0515999586992,-7585.325381408114
22574.044975684228,-1952.8432609292552,-7581.552976610778
22575.610222858395,-1952.6349208702527,-7577.780089492024
22577.17508215316,-1952.426579796708,-7574.006720192835
22578.739553465668,-1952.2182377236445,-7570.2328688543475
22580.303636692974,-1952.0098946660808,-7566.458535617641
22581.86733173227,-1951.8015506390348,-7562.683720623859
22583.430638480684,-1951.593205657524,-7558.908424014198
22584.993556835503,-1951.3848597365688,-7555.132645929843
22586.556086693887,-1951.1765128912289,-7551.356386512062
22588.118227953302,-1950.968165136436,-7547.57964590217
22589.679980510984,-1950.759816487256,-7543.802424241459
22591.241344264363,-1950.5514669587,-7540.024721671261
22592.80231911086,-1950.343116565788,-7536.2465383330145
22594.36290494794,-1950.1347653235348,-7532.467874368099
22595.92310167311,-1949.926413246964,-7528.688729918015
22597.48290918393,-1949.7180603510883,-7524.909105124232
22599.042327377974,-1949.509706650923,-7521.129000128288
22600.601356152885,-1949.3013521614864,-7517.348415071736
22602.15999540629,-1949.0929968977944,-7513.567350096168
22603.71824503593,-1948.884640874907,-7509.785805343246
22605.27610493959,-1948.6762841077527,-7506.003780954623
22606.833575015015,-1948.4679266113876,-7502.221277071995
22608.39065516009,-1948.2595684008331,-7498.438293837113
22609.947345272623,-1948.0512094911016,-7494.654831391741
22611.503645250526,-1947.8428498972028,-7490.870889877665
22613.05955499177,-1947.6344896341584,-7487.08646943677
22614.615074394405,-1947.4261287169784,-7483.301570210903
22616.17020335636,-1947.2177671606803,-7479.516192341973
22617.724941775752,-1947.0094049802765,-7475.730335971933
22619.27928955073,-1946.80104219078,-7471.944001242768
22620.83324657936,-1946.592678807246,-7468.15718829647
22622.38681275991,-1946.3843148446056,-7464.3698972751
22623.93998799062,-1946.175950317912,-7460.582128320773
22625.49277216971,-1945.9675852421756,-7456.793881575533
22627.045165195537,-1945.7592196324135,-7453.005157181613
22628.59716696644,-1945.5508535036345,-7449.21595528114
22630.1487773808,-1945.3424868708491,-7445.426276016348
22631.699996337116,-1945.1341197490744,-7441.636119529525
22633.250823733782,-1944.925752153317,-7437.845485962921
22634.801259469357,-1944.717384098588,-7434.054375458879
22636.351303442385,-1944.5090155998987,-7430.262788159725
22637.90095555145,-1944.3006466723043,-7426.470724207888
22639.450215695266,-1944.092277330727,-7422.678183745788
22640.99908377244,-1943.8839075902213,-7418.885166915885
22642.547559681705,-1943.6755374657944,-7415.091673860668
22644.09564332181,-1943.467166972457,-7411.297704722665
22645.64333459157,-1943.2587961252168,-7407.503259644448
22647.19063338986,-1943.0504249390829,-7403.708338768608
22648.7375396155,-1942.8420534290651,-7399.91294223778
22650.284053167496,-1942.6336816101689,-7396.117070194641
22651.830173944647,-1942.425309497405,-7392.320722781851
22653.37590184615,-1942.2169371057776,-7388.523900142184
22654.92123677086,-1942.0085644503388,-7384.726602418386
22656.466178618084,-1941.8001915460093,-7380.928829753296
22658.010727286743,-1941.5918184078344,-7377.130582289696
22659.55488267612,-1941.383445050828,-7373.331860170501
22661.09864468538,-1941.175071489987,-7369.532663538594
22662.642013213743,-1940.9666977403265,-7365.732992536925
22664.1849881606,-1940.758323816844,-7361.932847308468
22665.727569425177,-1940.5499497345447,-7358.132227996209
22667.26975690683,-1940.3415755084368,-7354.331134743191
22668.81155050505,-1940.1332011535249,-7350.529567692531
22670.352950119235,-1939.9248266848056,-7346.727526987282
22671.89395564884,-1939.7164521173336,-7342.925012770609
22673.43456699349,-1939.508077466019,-7339.122025185692
22674.974784052687,-1939.299702745912,-7335.318564375733
22676.514606726112,-1939.0913279720128,-7331.514630484
22678.054034913323,-1938.8829531593249,-7327.710223653737
22679.59306851408,-1938.674578322851,-7323.905344028277
22681.131707428096,-1938.4662034775888,-7320.09999175096
22682.66995155515,-1938.2578286385371,-7316.294166965144
22684.20780079501,-1938.049453820704,-7312.487869814281
22685.74525504768,-1937.841079039085,-7308.681100441799
22687.282314212905,-1937.6327043086812,-7304.8738589911645
22688.81897819059,-1937.424329644531,-7301.066145605904
22690.35524688089,-1937.2159550615515,-7297.257960429579
22691.891120183715,-1937.0075805747824,-7293.449303605746
22693.42659799912,-1936.7992061992247,-7289.6401752780175
22694.96168022726,-1936.5908319498703,-7285.830575590078
22696.496366768213,-1936.3824578417216,-7282.020504685572
22698.03065752221,-1936.174083889773,-7278.209962708229
22699.564552389475,-1935.9657101090256,-7274.398949801824
22701.098051270223,-1935.7573365144697,-7270.587466110103
22702.631154064817,-1935.548963121104,-7266.775511776885
22704.16386067359,-1935.340589943925,-7262.963086946047
22705.696170996827,-1935.1322169979635,-7259.150191761416
22707.228084935086,-1934.9238442981375,-7255.336826366975
22708.75960238889,-1934.71547185948,-7251.522990906656
22710.29072325854,-1934.5070996969812,-7247.708685524408
22711.82144744476,-1934.2987278256417,-7243.89391036431
22713.351774848048,-1934.0903562604503,-7240.078665570343
22714.88170536905,-1933.8819850163968,-7236.262951286631
22716.411238908466,-1933.6736141084757,-7232.446767657286
22717.940375367023,-1933.4652435516807,-7228.630114826458
22719.469114645435,-1933.256873360999,-7224.812992938333
22720.99745664453,-1933.0485035514228,-7220.995402137119
22722.52540126509,-1932.840134137987,-7217.1773425670735
22724.052948408036,-1932.631765135593,-7213.358814372468
22725.58009797432,-1932.423396559274,-7209.53981769765
22727.106849864813,-1932.2150284240183,-7205.720352686943
22728.633203980608,-1932.0066607448136,-7201.900419484726
22730.159160222705,-1931.7982935366504,-7198.0800182354415
22731.68471849217,-1931.589926814513,-7194.25914908353
22733.20987869013,-1931.3815605933917,-7190.437812173451
22734.73464071777,-1931.1731948882707,-7186.616007649732
22736.25900447629,-1930.964829714136,-7182.793735656967
22737.782969866927,-1930.756465085972,-7178.970996339672
22739.30653679095,-1930.5481010188128,-7175.147789842495
22740.829705149758,-1930.3397375275504,-7171.324116310078
22742.35247484461,-1930.1313746272149,-7167.499975887112
22743.874845777067,-1929.9230123327904,-7163.675368718287
22745.39681784844,-1929.7146506592555,-7159.850294948386
22746.91839096028,-1929.5062896215984,-7156.024754722179
22748.439565014112,-1929.297929234802,-7152.198748184455
22749.96033991154,-1929.089569513843,-7148.372275480085
22751.48071555414,-1928.881210473704,-7144.54533675394
22753.000691843576,-1928.672852129368,-7140.717932150931
22754.52026868153,-1928.4644944958109,-7136.890061816001
22756.03944596975,-1928.256137588061,-7133.061725894126
22757.558223610056,-1928.0477814210055,-7129.232924530321
22759.07660150425,-1927.839426009672,-7125.403657869646
22760.59457955421,-1927.631071369036,-7121.573926057152
22762.112157661828,-1927.4227175140736,-7117.743729237965
22763.629335728976,-1927.2143644597631,-7113.91306755722
22765.146113657716,-1927.0060122210807,-7110.081941160091
22766.66249135011,-1926.7976608130043,-7106.250350191793
22768.178468708156,-1926.5893102505088,-7102.41829479756
22769.694045633947,-1926.380960548567,-7098.585775122657
22771.20922202973,-1926.1726117221544,-7094.75279131241
22772.723997797555,-1925.964263786288,-7090.919343512112
22774.2383728398,-1925.7559167558577,-7087.085431867206
22775.752347058675,-1925.5475706458744,-7083.251056523045
22777.265920356494,-1925.3392254713135,-7079.416217625078
22778.77909263563,-1925.1308812471475,-7075.580915318777
22780.29186379845,-1924.9225379883464,-7071.745149749628
22781.804233747476,-1924.714195709881,-7067.908921063199
22783.31620238504,-1924.5058544267172,-7064.072229405007
22784.827769613792,-1924.297514153833,-7060.235074920703
22786.338935336276,-1924.089174906192,-7056.397457755866
22787.849699455037,-1923.88083669876,-7052.559378056207
22789.36006187273,-1923.672499546553,-7048.720835967404
22790.870022492127,-1923.464163464452,-7044.881831635171
22792.37958121586,-1923.2558284674628,-7041.042365205293
22793.888737946767,-1923.047494570554,-7037.202436823551
22795.397492587595,-1922.839161788691,-7033.362046635767
22796.90584504127,-1922.6308301368413,-7029.521194787823
22798.41379521063,-1922.422499629964,-7025.679881425583
22799.92134299865,-1922.2141702830247,-7021.838106694985
22801.42848830828,-1922.0058421109895,-7017.995870741983
22802.935231042527,-1921.797515128814,-7014.153173712548
22804.44157110445,-1921.589189351469,-7010.310015752732
22805.947508397167,-1921.3808647939547,-7006.466397008549
22807.453042823803,-1921.172541471142,-7002.622317626098
22808.958174287574,-1920.96421939804,-6998.777777751508
22810.46290269172,-1920.755898589608,-6994.932777530943
22811.967227939447,-1920.5475790607984,-6991.087317110549
22813.471149934085,-1920.3392608265792,-6987.24139663654
22814.974668579005,-1920.130943901901,-6983.3950162551855
22816.477783777555,-1919.922628301722,-6979.54817611275
22817.980495433218,-1919.714314041002,-6975.700876355547
22819.48280344942,-1919.506001134692,-6971.8531171299055
22820.9847077297,-1919.2976895977515,-6968.0048985822095
22822.48620817765,-1919.089379445133,-6964.156220858881
22823.98730469677,-1918.8810706918337,-6960.307084106308
22825.487997190776,-1918.6727633527216,-6956.457488471023
22826.988285563373,-1918.464457442792,-6952.607434099498
22828.488169718166,-1918.256152976995,-6948.756921138245
22829.98764955906,-1918.047849970285,-6944.905949733878
22831.4867249898,-1917.839548437612,-6941.054520032957
22832.98539591421,-1917.631248393927,-6937.20263218212
22834.483662236205,-1917.422949854176,-6933.350286328042
22835.98152385965,-1917.2146528333103,-6929.497482617388
22837.478980688677,-1917.0063573462796,-6925.64422119692
22838.976032627063,-1916.7980634080704,-6921.79050221334
22840.4726795791,-1916.589771033546,-6917.936325813517
22841.96892144875,-1916.381480237696,-6914.081692144206
22843.464758140184,-1916.173191035464,-6910.2266013522885
22844.960189557583,-1915.964903441797,-6906.371053584639
22846.45521560516,-1915.7566174716403,-6902.515048988171
22847.9498361872,-1915.5483331399323,-6898.658587709858
22849.44405120794,-1915.34005046162,-6894.801669896629
